eye 33 70 60 
look 25 24.85 10 
up 1 0 0
d -10
bounds -1 1 -1 1 
res 1000 1000
ambient 0.2 0.2 0.2 
light 10 25 25 1 1 0.75 0.75
light 25 25 30 1 0.75 1 .75 
light 25 25 30 1 0 1 0 


sphere 21.5 22 12 1 0.2 0.2 0.2 0.7 0.7 0.7 0.5 0.5 0.5 1.0 1.0 1.0
sphere 21.5 24 12 1 0.2 0.2 0.2 0.7 0.7 0.7 0.5 0.5 0.5 1.0 1.0 1.0
sphere 21.5 26 12 1 0.2 0.2 0.2 0.7 0.7 0.7 0.5 0.5 0.5 1.0 1.0 1.0
sphere 21.5 28 12 1 0.2 0.2 0.2 0.7 0.7 0.7 0.5 0.5 0.5 1.0 1.0 1.0

sphere 23 22 8 1 0.2 0.2 0.2 0.7 0.7 0.7 0.5 0.5 0.5 1.0 1.0 1.0
sphere 23 23 8 1 0.2 0.2 0.2 0.7 0.7 0.7 0.5 0.5 0.5 1.0 1.0 1.0
sphere 23 24 8 1 0.2 0.2 0.2 0.7 0.7 0.7 0.5 0.5 0.5 1.0 1.0 1.0
sphere 23 25 8 1 0.2 0.2 0.2 0.7 0.7 0.7 0.5 0.5 0.5 1.0 1.0 1.0
sphere 23 26 8 1 0.2 0.2 0.2 0.7 0.7 0.7 0.5 0.5 0.5 1.0 1.0 1.0
sphere 23 27 8 1 0.2 0.2 0.2 0.7 0.7 0.7 0.5 0.5 0.5 1.0 1.0 1.0
sphere 23 28 8 1 0.2 0.2 0.2 0.7 0.7 0.7 0.5 0.5 0.5 1.0 1.0 1.0

sphere 24.5 22 11 1 0.2 0.2 0.2 0.7 0.7 0.7 0.5 0.5 0.5 1.0 1.0 1.0
sphere 24.5 24 11 1 0.2 0.2 0.2 0.7 0.7 0.7 0.5 0.5 0.5 1.0 1.0 1.0
sphere 24.5 26 11 1 0.2 0.2 0.2 0.7 0.7 0.7 0.5 0.5 0.5 1.0 1.0 1.0
sphere 24.5 28 11 1 0.2 0.2 0.2 0.7 0.7 0.7 0.5 0.5 0.5 1.0 1.0 1.0

sphere 26 22 9 1 0.2 0.2 0.2 0.7 0.7 0.7 0.5 0.5 0.5 1.0 1.0 1.0
sphere 26 23 9 1 0.2 0.2 0.2 0.7 0.7 0.7 0.5 0.5 0.5 1.0 1.0 1.0
sphere 26 24 9 1 0.2 0.2 0.2 0.7 0.7 0.7 0.5 0.5 0.5 1.0 1.0 1.0
sphere 26 25 9 1 0.2 0.2 0.2 0.7 0.7 0.7 0.5 0.5 0.5 1.0 1.0 1.0
sphere 26 26 9 1 0.2 0.2 0.2 0.7 0.7 0.7 0.5 0.5 0.5 1.0 1.0 1.0
sphere 26 27 9 1 0.2 0.2 0.2 0.7 0.7 0.7 0.5 0.5 0.5 1.0 1.0 1.0
sphere 26 28 9 1 0.2 0.2 0.2 0.7 0.7 0.7 0.5 0.5 0.5 1.0 1.0 1.0

sphere 27.5 22 10 1 0.2 0.2 0.2 0.7 0.7 0.7 0.5 0.5 0.5 1.0 1.0 1.0
sphere 27.5 24 10 1 0.2 0.2 0.2 0.7 0.7 0.7 0.5 0.5 0.5 1.0 1.0 1.0
sphere 27.5 26 10 1 0.2 0.2 0.2 0.7 0.7 0.7 0.5 0.5 0.5 1.0 1.0 1.0
sphere 27.5 28 10 1 0.2 0.2 0.2 0.7 0.7 0.7 0.5 0.5 0.5 1.0 1.0 1.0

sphere 29 22 10 1 0.2 0.2 0.2 0.7 0.7 0.7 0.5 0.5 0.5 1.0 1.0 1.0
sphere 29 23 10 1 0.2 0.2 0.2 0.7 0.7 0.7 0.5 0.5 0.5 1.0 1.0 1.0
sphere 29 24 10 1 0.2 0.2 0.2 0.7 0.7 0.7 0.5 0.5 0.5 1.0 1.0 1.0
sphere 29 25 10 1 0.2 0.2 0.2 0.7 0.7 0.7 0.5 0.5 0.5 1.0 1.0 1.0
sphere 29 26 10 1 0.2 0.2 0.2 0.7 0.7 0.7 0.5 0.5 0.5 1.0 1.0 1.0
sphere 29 27 10 1 0.2 0.2 0.2 0.7 0.7 0.7 0.5 0.5 0.5 1.0 1.0 1.0
sphere 29 28 10 1 0.2 0.2 0.2 0.7 0.7 0.7 0.5 0.5 0.5 1.0 1.0 1.0